energy(1,1)=3.581600e+02;
energyl1(1,1)=1.947809e+02;
energyq0(1,1)=-2.328241e+00;
energyl2(1,1)=0.000000e+00;
energyl3(1,1)=0.000000e+00;
energyPsi(1,1)=1.657073e+02;
time(1,1)=0.000000e+00;
energy(1,2)=9.143861e+02;
energyl1(1,2)=6.380363e+02;
energyq0(1,2)=6.764947e+00;
energyl2(1,2)=0.000000e+00;
energyl3(1,2)=0.000000e+00;
energyPsi(1,2)=2.695849e+02;
time(1,2)=1.000000e-04;
energy(1,3)=8.044156e+02;
energyl1(1,3)=5.896814e+02;
energyq0(1,3)=4.677760e+00;
energyl2(1,3)=0.000000e+00;
energyl3(1,3)=0.000000e+00;
energyPsi(1,3)=2.100564e+02;
time(1,3)=2.000000e-04;
energy(1,4)=7.177410e+02;
energyl1(1,4)=5.503700e+02;
energyq0(1,4)=2.835124e+00;
energyl2(1,4)=0.000000e+00;
energyl3(1,4)=0.000000e+00;
energyPsi(1,4)=1.645359e+02;
time(1,4)=3.000000e-04;
energy(1,5)=6.478185e+02;
energyl1(1,5)=5.177969e+02;
energyq0(1,5)=1.185922e+00;
energyl2(1,5)=0.000000e+00;
energyl3(1,5)=0.000000e+00;
energyPsi(1,5)=1.288356e+02;
time(1,5)=4.000000e-04;
energy(1,6)=5.903409e+02;
energyl1(1,6)=4.903731e+02;
energyq0(1,6)=-3.068543e-01;
energyl2(1,6)=0.000000e+00;
energyl3(1,6)=0.000000e+00;
energyPsi(1,6)=1.002747e+02;
time(1,6)=5.000000e-04;
energy(1,7)=5.423541e+02;
energyl1(1,7)=4.669682e+02;
energyq0(1,7)=-1.670798e+00;
energyl2(1,7)=0.000000e+00;
energyl3(1,7)=0.000000e+00;
energyPsi(1,7)=7.705675e+01;
time(1,7)=6.000000e-04;
energy(1,8)=5.017630e+02;
energyl1(1,8)=4.467567e+02;
energyq0(1,8)=-2.926911e+00;
energyl2(1,8)=0.000000e+00;
energyl3(1,8)=0.000000e+00;
energyPsi(1,8)=5.793322e+01;
time(1,8)=7.000000e-04;
energy(1,9)=4.670407e+02;
energyl1(1,9)=4.291228e+02;
energyq0(1,9)=-4.091562e+00;
energyl2(1,9)=0.000000e+00;
energyl3(1,9)=0.000000e+00;
energyPsi(1,9)=4.200948e+01;
time(1,9)=8.000000e-04;
energy(1,10)=4.370483e+02;
energyl1(1,10)=4.135980e+02;
energyq0(1,10)=-5.177723e+00;
energyl2(1,10)=0.000000e+00;
energyl3(1,10)=0.000000e+00;
energyPsi(1,10)=2.862811e+01;
time(1,10)=9.000000e-04;
energy(1,11)=4.109196e+02;
energyl1(1,11)=3.998199e+02;
energyq0(1,11)=-6.195822e+00;
energyl2(1,11)=0.000000e+00;
energyl3(1,11)=0.000000e+00;
energyPsi(1,11)=1.729549e+01;
time(1,11)=1.000000e-03;
energy(1,12)=3.879842e+02;
energyl1(1,12)=3.875045e+02;
energyq0(1,12)=-7.154358e+00;
energyl2(1,12)=0.000000e+00;
energyl3(1,12)=0.000000e+00;
energyPsi(1,12)=7.634021e+00;
time(1,12)=1.100000e-03;
energy(1,13)=3.677157e+02;
energyl1(1,13)=3.764258e+02;
energyq0(1,13)=-8.060354e+00;
energyl2(1,13)=0.000000e+00;
energyl3(1,13)=0.000000e+00;
energyPsi(1,13)=-6.497809e-01;
time(1,13)=1.200000e-03;
energy(1,14)=3.496952e+02;
energyl1(1,14)=3.664022e+02;
energyq0(1,14)=-8.919639e+00;
energyl2(1,14)=0.000000e+00;
energyl3(1,14)=0.000000e+00;
energyPsi(1,14)=-7.787332e+00;
time(1,14)=1.300000e-03;
energy(1,15)=3.335855e+02;
energyl1(1,15)=3.572860e+02;
energyq0(1,15)=-9.737130e+00;
energyl2(1,15)=0.000000e+00;
energyl3(1,15)=0.000000e+00;
energyPsi(1,15)=-1.396333e+01;
time(1,15)=1.400000e-03;
energy(1,16)=3.191122e+02;
energyl1(1,16)=3.489560e+02;
energyq0(1,16)=-1.051700e+01;
energyl2(1,16)=0.000000e+00;
energyl3(1,16)=0.000000e+00;
energyPsi(1,16)=-1.932683e+01;
time(1,16)=1.500000e-03;
energy(1,17)=3.060497e+02;
energyl1(1,17)=3.413119e+02;
energyq0(1,17)=-1.126282e+01;
energyl2(1,17)=0.000000e+00;
energyl3(1,17)=0.000000e+00;
energyPsi(1,17)=-2.399933e+01;
time(1,17)=1.600000e-03;
energy(1,18)=2.942113e+02;
energyl1(1,18)=3.342697e+02;
energyq0(1,18)=-1.197767e+01;
energyl2(1,18)=0.000000e+00;
energyl3(1,18)=0.000000e+00;
energyPsi(1,18)=-2.808072e+01;
time(1,18)=1.700000e-03;
energy(1,19)=2.834411e+02;
energyl1(1,19)=3.277591e+02;
energyq0(1,19)=-1.266420e+01;
energyl2(1,19)=0.000000e+00;
energyl3(1,19)=0.000000e+00;
energyPsi(1,19)=-3.165383e+01;
time(1,19)=1.800000e-03;
energy(1,20)=2.736076e+02;
energyl1(1,20)=3.217202e+02;
energyq0(1,20)=-1.332477e+01;
energyl2(1,20)=0.000000e+00;
energyl3(1,20)=0.000000e+00;
energyPsi(1,20)=-3.478780e+01;
time(1,20)=1.900000e-03;
energy(1,21)=2.645998e+02;
energyl1(1,21)=3.161020e+02;
energyq0(1,21)=-1.396140e+01;
energyl2(1,21)=0.000000e+00;
energyl3(1,21)=0.000000e+00;
energyPsi(1,21)=-3.754076e+01;
time(1,21)=2.000000e-03;
energy(1,22)=2.563231e+02;
energyl1(1,22)=3.108608e+02;
energyq0(1,22)=-1.457591e+01;
energyl2(1,22)=0.000000e+00;
energyl3(1,22)=0.000000e+00;
energyPsi(1,22)=-3.996184e+01;
time(1,22)=2.100000e-03;
energy(1,23)=2.486961e+02;
energyl1(1,23)=3.059588e+02;
energyq0(1,23)=-1.516988e+01;
energyl2(1,23)=0.000000e+00;
energyl3(1,23)=0.000000e+00;
energyPsi(1,23)=-4.209284e+01;
time(1,23)=2.200000e-03;
energy(1,24)=2.416491e+02;
energyl1(1,24)=3.013633e+02;
energyq0(1,24)=-1.574476e+01;
energyl2(1,24)=0.000000e+00;
energyl3(1,24)=0.000000e+00;
energyPsi(1,24)=-4.396946e+01;
time(1,24)=2.300000e-03;
energy(1,25)=2.351213e+02;
energyl1(1,25)=2.970455e+02;
energyq0(1,25)=-1.630182e+01;
energyl2(1,25)=0.000000e+00;
energyl3(1,25)=0.000000e+00;
energyPsi(1,25)=-4.562238e+01;
time(1,25)=2.400000e-03;
energy(1,26)=2.290603e+02;
energyl1(1,26)=2.929805e+02;
energyq0(1,26)=-1.684220e+01;
energyl2(1,26)=0.000000e+00;
energyl3(1,26)=0.000000e+00;
energyPsi(1,26)=-4.707802e+01;
time(1,26)=2.500000e-03;
energy(1,27)=2.234200e+02;
energyl1(1,27)=2.891462e+02;
energyq0(1,27)=-1.736696e+01;
energyl2(1,27)=0.000000e+00;
energyl3(1,27)=0.000000e+00;
energyPsi(1,27)=-4.835929e+01;
time(1,27)=2.600000e-03;
energy(1,28)=2.181600e+02;
energyl1(1,28)=2.855231e+02;
energyq0(1,28)=-1.787703e+01;
energyl2(1,28)=0.000000e+00;
energyl3(1,28)=0.000000e+00;
energyPsi(1,28)=-4.948608e+01;
time(1,28)=2.700000e-03;
energy(1,29)=2.132448e+02;
energyl1(1,29)=2.820938e+02;
energyq0(1,29)=-1.837327e+01;
energyl2(1,29)=0.000000e+00;
energyl3(1,29)=0.000000e+00;
energyPsi(1,29)=-5.047576e+01;
time(1,29)=2.800000e-03;
energy(1,30)=2.086430e+02;
energyl1(1,30)=2.788429e+02;
energyq0(1,30)=-1.885645e+01;
energyl2(1,30)=0.000000e+00;
energyl3(1,30)=0.000000e+00;
energyPsi(1,30)=-5.134349e+01;
time(1,30)=2.900000e-03;
energy(1,31)=2.043268e+02;
energyl1(1,31)=2.757567e+02;
energyq0(1,31)=-1.932729e+01;
energyl2(1,31)=0.000000e+00;
energyl3(1,31)=0.000000e+00;
energyPsi(1,31)=-5.210260e+01;
time(1,31)=3.000000e-03;
energy(1,32)=2.002714e+02;
energyl1(1,32)=2.728226e+02;
energyq0(1,32)=-1.978645e+01;
energyl2(1,32)=0.000000e+00;
energyl3(1,32)=0.000000e+00;
energyPsi(1,32)=-5.276482e+01;
time(1,32)=3.100000e-03;
energy(1,33)=1.964547e+02;
energyl1(1,33)=2.700297e+02;
energyq0(1,33)=-2.023452e+01;
energyl2(1,33)=0.000000e+00;
energyl3(1,33)=0.000000e+00;
energyPsi(1,33)=-5.334049e+01;
time(1,33)=3.200000e-03;
energy(1,34)=1.928570e+02;
energyl1(1,34)=2.673678e+02;
energyq0(1,34)=-2.067208e+01;
energyl2(1,34)=0.000000e+00;
energyl3(1,34)=0.000000e+00;
energyPsi(1,34)=-5.383877e+01;
time(1,34)=3.300000e-03;
energy(1,35)=1.894606e+02;
energyl1(1,35)=2.648279e+02;
energyq0(1,35)=-2.109962e+01;
energyl2(1,35)=0.000000e+00;
energyl3(1,35)=0.000000e+00;
energyPsi(1,35)=-5.426775e+01;
time(1,35)=3.400000e-03;
energy(1,36)=1.862494e+02;
energyl1(1,36)=2.624017e+02;
energyq0(1,36)=-2.151764e+01;
energyl2(1,36)=0.000000e+00;
energyl3(1,36)=0.000000e+00;
energyPsi(1,36)=-5.463467e+01;
time(1,36)=3.500000e-03;
energy(1,37)=1.832092e+02;
energyl1(1,37)=2.600817e+02;
energyq0(1,37)=-2.192657e+01;
energyl2(1,37)=0.000000e+00;
energyl3(1,37)=0.000000e+00;
energyPsi(1,37)=-5.494593e+01;
time(1,37)=3.600000e-03;
energy(1,38)=1.803269e+02;
energyl1(1,38)=2.578610e+02;
energyq0(1,38)=-2.232684e+01;
energyl2(1,38)=0.000000e+00;
energyl3(1,38)=0.000000e+00;
energyPsi(1,38)=-5.520726e+01;
time(1,38)=3.700000e-03;
energy(1,39)=1.775908e+02;
energyl1(1,39)=2.557334e+02;
energyq0(1,39)=-2.271883e+01;
energyl2(1,39)=0.000000e+00;
energyl3(1,39)=0.000000e+00;
energyPsi(1,39)=-5.542377e+01;
time(1,39)=3.800000e-03;
